[array([0.70131 , 0.438738]), array([0.70486 , 0.104388]), array([0.998217, 0.374265, 0.809976]), array([0.424664, 0.426776, 0.345475, 0.430605]), array([0.214361, 0.8921  , 0.998237, 0.997109]), array([0.460661, 0.30521 , 0.441997, 0.977143, 0.136686]), array([0.014872, 0.408192, 0.059443, 0.418603, 0.39046 , 0.748147]), array([0.051141, 0.149683, 0.041048, 0.095333, 0.947592, 0.500783,
       0.065321, 0.819802])]
[array([0.368897, 0.715648]), array([0.999996, 0.370823]), array([0.588009, 0.017654, 0.000677]), array([0.453082, 0.441963, 0.152321, 0.446364]), array([0.530079, 0.028606, 0.984897, 0.999366]), array([0.401972, 0.064387, 0.975333, 0.999609, 0.846847]), array([0.013418, 0.355135, 0.165985, 0.075509, 0.356172, 0.848789]), array([0.046925, 0.969544, 0.021248, 0.935814, 0.901612, 0.242645,
       0.043017, 0.572593])]
[array([0.951197, 0.113129]), array([0.752983, 0.250898]), array([0.248115, 0.000982, 0.630283]), array([0.314622, 0.426057, 0.494836, 0.459289]), array([0.17274 , 0.989344, 0.997602, 0.999452]), array([0.021986, 0.014358, 0.05482 , 0.964841, 0.005594]), array([0.022456, 0.07815 , 0.467483, 0.007582, 0.327113, 0.683061]), array([0.172342, 0.007942, 0.291599, 0.016481, 0.914945, 0.05328 ,
       0.040194, 0.316002])]
[array([0.689518, 0.803122]), array([9.00000e-06, 6.81332e-01]), array([0.090301, 0.998073, 0.430264]), array([0.449167, 0.326942, 0.38409 , 0.489819]), array([0.465424, 0.004034, 0.002582, 0.986663]), array([0.952342, 0.338222, 0.960054, 0.988687, 0.019213]), array([0.045562, 0.967919, 0.839183, 0.026884, 0.325921, 0.677253]), array([0.69765 , 0.14427 , 0.003958, 0.005987, 0.935355, 0.363834,
       0.012954, 0.786562])]
[array([0.530262, 0.921471]), array([0.689808, 0.036578]), array([0.999218, 0.00277 , 0.443832]), array([0.43061 , 0.545437, 0.395714, 0.440418]), array([0.548787, 0.998625, 0.988608, 0.994662]), array([0.328219, 0.022004, 0.989733, 0.022142, 0.013763]), array([0.006658, 0.133318, 0.212751, 0.017567, 0.432069, 0.735943]), array([0.014371, 0.869435, 0.028363, 0.056453, 0.989917, 0.26739 ,
       0.025068, 0.851462])]
[array([0.793641, 0.761191]), array([0.724174, 0.515284]), array([0.261737, 0.998807, 0.864758]), array([0.42084 , 0.418426, 0.368437, 0.374491]), array([0.863476, 0.989493, 0.872546, 0.992752]), array([0.454422, 0.458736, 0.95685 , 0.992118, 0.072763]), array([0.065071, 0.285217, 0.429484, 0.036952, 0.321623, 0.627488]), array([0.132354, 0.006098, 0.016989, 0.442066, 0.952119, 0.720217,
       0.239634, 0.082415])]
[array([0.206328, 0.210881]), array([0.924394, 0.67365 ]), array([0.886644, 0.005283, 0.864351]), array([0.401284, 0.390655, 0.356079, 0.375087]), array([0.985576, 0.95578 , 0.999493, 0.303493]), array([0.230255, 0.573263, 0.228581, 0.991624, 0.001223]), array([0.00275 , 0.032985, 0.989588, 0.134703, 0.279849, 0.577616]), array([0.004816, 0.468454, 0.084537, 0.410556, 0.988018, 0.830312,
       0.494501, 0.910814])]
[array([0.206328, 0.210881]), array([0.924394, 0.67365 ]), array([0.886644, 0.005283, 0.864351]), array([0.401284, 0.390655, 0.356079, 0.375087]), array([0.985576, 0.95578 , 0.999493, 0.303493]), array([0.230255, 0.573263, 0.228581, 0.991624, 0.001223]), array([0.00275 , 0.032985, 0.989588, 0.134703, 0.279849, 0.577616]), array([0.004816, 0.468454, 0.084537, 0.410556, 0.988018, 0.830312,
       0.494501, 0.910814])]
[array([0.323793, 0.532213]), array([0.233391, 0.374703]), array([0.29115 , 0.996661, 0.512567]), array([0.005434, 0.216022, 0.964979, 0.998684]), array([0.981104, 0.997096, 0.370965, 0.978942]), array([0.027065, 0.887613, 0.984447, 0.975063, 0.963697]), array([0.04159 , 0.203271, 0.066304, 0.21128 , 0.24442 , 0.594218]), array([0.288331, 0.164114, 0.079986, 0.063943, 0.974333, 0.339933,
       0.29292 , 0.759047])]
[array([0.255489, 0.838628]), array([0.6345  , 0.420286]), array([0.328727, 0.197343, 0.620025]), array([0.020032, 0.957557, 0.99037 , 0.006861]), array([0.998511, 0.999073, 0.675922, 0.158236]), array([0.307235, 0.011316, 0.742374, 0.996392, 0.400478]), array([0.008571, 0.158908, 0.007438, 0.00274 , 0.186946, 0.628757]), array([1.34393e-01, 1.28020e-02, 8.52000e-04, 3.05040e-02, 2.09866e-01,
       8.76982e-01, 7.19150e-02, 7.62422e-01])]
[array([0.15697 , 0.266877]), array([0.796406, 0.220305]), array([0.412415, 0.747623, 0.353865]), array([0.30358 , 0.429015, 0.359319, 0.410273]), array([0.999233, 0.938183, 0.999967, 0.943157]), array([0.596642, 0.056498, 0.081495, 0.99803 , 0.020696]), array([0.066879, 0.102225, 0.152865, 0.222453, 0.333978, 0.530992]), array([0.227077, 0.360274, 0.118079, 0.417725, 0.96722 , 0.459114,
       0.058283, 0.789675])]
[array([0.245487, 0.335674]), array([0.710765, 0.217574]), array([0.378665, 0.585067, 0.355249]), array([0.439966, 0.428313, 0.426822, 0.402778]), array([0.984684, 0.980431, 0.961682, 0.967541]), array([0.483387, 0.403976, 0.732373, 0.80682 , 0.295734]), array([0.059294, 0.500175, 0.078764, 0.244779, 0.340142, 0.497244]), array([0.002763, 0.011912, 0.25563 , 0.591186, 0.855045, 0.982798,
       0.008588, 0.774733])]
[array([0.341833, 0.48665 ]), array([0.710022, 0.057245]), array([0.246964, 0.999999, 0.087977]), array([0.424476, 0.422218, 0.371689, 0.395818]), array([0.999999, 0.999999, 0.999999, 0.999999]), array([0.484643, 0.336501, 0.558144, 0.863108, 0.147192]), array([0.051132, 0.068305, 0.159354, 0.246585, 0.334643, 0.482729]), array([0.106943, 0.187206, 0.154056, 0.13924 , 0.999999, 0.495523,
       0.18659 , 0.864943])]